# QGIS Generated Color Map Export File
INTERPOLATION:EXACT
-9999,255,255,255,255,Fill-NoData
-1111,111,111,111,255,Fill-Not Mapped
0,0,0,0,255,Non Disturbed
20130011,255,0,0,255,Fire
20130012,255,0,0,255,Fire
20130013,255,0,0,255,Fire
20130014,255,0,0,255,Fire
20130015,255,0,0,255,Fire
20130021,255,0,0,255,Fire
20130022,255,0,0,255,Fire
20130023,255,0,0,255,Fire
20130024,255,0,0,255,Fire
20130031,255,0,0,255,Fire
20130032,255,0,0,255,Fire
20130033,255,0,0,255,Fire
20130034,255,0,0,255,Fire
20130111,255,0,0,255,Fire
20130112,255,0,0,255,Fire
20130113,255,0,0,255,Fire
20130114,255,0,0,255,Fire
20130211,255,0,0,255,Fire
20130212,255,0,0,255,Fire
20130213,255,0,0,255,Fire
20130214,255,0,0,255,Fire
20130231,255,0,0,255,Fire
20130233,255,0,0,255,Fire
20130234,255,0,0,255,Fire
20140011,255,0,0,255,Fire
20140012,255,0,0,255,Fire
20140013,255,0,0,255,Fire
20140014,255,0,0,255,Fire
20140015,255,0,0,255,Fire
20140021,255,0,0,255,Fire
20140022,255,0,0,255,Fire
20140023,255,0,0,255,Fire
20140024,255,0,0,255,Fire
20140031,255,0,0,255,Fire
20140032,255,0,0,255,Fire
20140033,255,0,0,255,Fire
20140034,255,0,0,255,Fire
20140111,255,0,0,255,Fire
20140112,255,0,0,255,Fire
20140113,255,0,0,255,Fire
20140114,255,0,0,255,Fire
20140211,255,0,0,255,Fire
20140212,255,0,0,255,Fire
20140213,255,0,0,255,Fire
20140214,255,0,0,255,Fire
20140231,255,0,0,255,Fire
20140234,255,0,0,255,Fire
20150011,255,0,0,255,Fire
20150012,255,0,0,255,Fire
20150013,255,0,0,255,Fire
20150014,255,0,0,255,Fire
20150015,255,0,0,255,Fire
20150021,255,0,0,255,Fire
20150022,255,0,0,255,Fire
20150023,255,0,0,255,Fire
20150024,255,0,0,255,Fire
20150031,255,0,0,255,Fire
20150032,255,0,0,255,Fire
20150033,255,0,0,255,Fire
20150034,255,0,0,255,Fire
20150111,255,0,0,255,Fire
20150112,255,0,0,255,Fire
20150113,255,0,0,255,Fire
20150114,255,0,0,255,Fire
20150231,255,0,0,255,Fire
20150234,255,0,0,255,Fire
20160011,255,0,0,255,Fire
20160012,255,0,0,255,Fire
20160013,255,0,0,255,Fire
20160014,255,0,0,255,Fire
20160015,255,0,0,255,Fire
20160021,255,0,0,255,Fire
20160022,255,0,0,255,Fire
20160023,255,0,0,255,Fire
20160024,255,0,0,255,Fire
20160031,255,0,0,255,Fire
20160032,255,0,0,255,Fire
20160033,255,0,0,255,Fire
20160034,255,0,0,255,Fire
20160111,255,0,0,255,Fire
20160112,255,0,0,255,Fire
20160113,255,0,0,255,Fire
20160114,255,0,0,255,Fire
20160231,255,0,0,255,Fire
20160232,255,0,0,255,Fire
20160234,255,0,0,255,Fire
20170011,255,0,0,255,Fire
20170012,255,0,0,255,Fire
20170013,255,0,0,255,Fire
20170014,255,0,0,255,Fire
20170015,255,0,0,255,Fire
20170021,255,0,0,255,Fire
20170022,255,0,0,255,Fire
20170023,255,0,0,255,Fire
20170024,255,0,0,255,Fire
20170031,255,0,0,255,Fire
20170032,255,0,0,255,Fire
20170033,255,0,0,255,Fire
20170034,255,0,0,255,Fire
20170111,255,0,0,255,Fire
20170112,255,0,0,255,Fire
20170113,255,0,0,255,Fire
20170114,255,0,0,255,Fire
20170212,255,0,0,255,Fire
20170231,255,0,0,255,Fire
20170232,255,0,0,255,Fire
20170234,255,0,0,255,Fire
20180011,255,0,0,255,Fire
20180012,255,0,0,255,Fire
20180013,255,0,0,255,Fire
20180014,255,0,0,255,Fire
20180015,255,0,0,255,Fire
20180021,255,0,0,255,Fire
20180022,255,0,0,255,Fire
20180023,255,0,0,255,Fire
20180024,255,0,0,255,Fire
20180031,255,0,0,255,Fire
20180032,255,0,0,255,Fire
20180033,255,0,0,255,Fire
20180034,255,0,0,255,Fire
20180111,255,0,0,255,Fire
20180112,255,0,0,255,Fire
20180113,255,0,0,255,Fire
20180114,255,0,0,255,Fire
20180231,255,0,0,255,Fire
20180234,255,0,0,255,Fire
20190011,255,0,0,255,Fire
20190012,255,0,0,255,Fire
20190013,255,0,0,255,Fire
20190014,255,0,0,255,Fire
20190015,255,0,0,255,Fire
20190021,255,0,0,255,Fire
20190022,255,0,0,255,Fire
20190023,255,0,0,255,Fire
20190024,255,0,0,255,Fire
20190031,255,0,0,255,Fire
20190032,255,0,0,255,Fire
20190033,255,0,0,255,Fire
20190034,255,0,0,255,Fire
20190111,255,0,0,255,Fire
20190112,255,0,0,255,Fire
20190113,255,0,0,255,Fire
20190114,255,0,0,255,Fire
20190231,255,0,0,255,Fire
20200011,255,0,0,255,Fire
20200012,255,0,0,255,Fire
20200013,255,0,0,255,Fire
20200014,255,0,0,255,Fire
20200015,255,0,0,255,Fire
20200021,255,0,0,255,Fire
20200022,255,0,0,255,Fire
20200023,255,0,0,255,Fire
20200024,255,0,0,255,Fire
20200031,255,0,0,255,Fire
20200032,255,0,0,255,Fire
20200033,255,0,0,255,Fire
20200034,255,0,0,255,Fire
20200111,255,0,0,255,Fire
20200112,255,0,0,255,Fire
20200113,255,0,0,255,Fire
20200114,255,0,0,255,Fire
20200231,255,0,0,255,Fire
20200232,255,0,0,255,Fire
20200233,255,0,0,255,Fire
20200234,255,0,0,255,Fire
20210011,255,0,0,255,Fire
20210012,255,0,0,255,Fire
20210013,255,0,0,255,Fire
20210014,255,0,0,255,Fire
20210015,255,0,0,255,Fire
20210021,255,0,0,255,Fire
20210022,255,0,0,255,Fire
20210023,255,0,0,255,Fire
20210024,255,0,0,255,Fire
20210031,255,0,0,255,Fire
20210032,255,0,0,255,Fire
20210033,255,0,0,255,Fire
20210034,255,0,0,255,Fire
20210111,255,0,0,255,Fire
20210112,255,0,0,255,Fire
20210113,255,0,0,255,Fire
20210114,255,0,0,255,Fire
20210231,255,0,0,255,Fire
20210232,255,0,0,255,Fire
20210233,255,0,0,255,Fire
20210234,255,0,0,255,Fire
20220011,255,0,0,255,Fire
20220012,255,0,0,255,Fire
20220013,255,0,0,255,Fire
20220014,255,0,0,255,Fire
20220015,255,0,0,255,Fire
20220021,255,0,0,255,Fire
20220022,255,0,0,255,Fire
20220023,255,0,0,255,Fire
20220024,255,0,0,255,Fire
20220031,255,0,0,255,Fire
20220032,255,0,0,255,Fire
20220033,255,0,0,255,Fire
20220034,255,0,0,255,Fire
20220111,255,0,0,255,Fire
20220112,255,0,0,255,Fire
20220113,255,0,0,255,Fire
20220114,255,0,0,255,Fire
20220231,255,0,0,255,Fire
20220234,255,0,0,255,Fire
20130421,128,97,69,255,Clearcut
20130422,128,97,69,255,Clearcut
20130423,128,97,69,255,Clearcut
20130721,128,97,69,255,Clearcut
20130722,128,97,69,255,Clearcut
20130723,128,97,69,255,Clearcut
20130921,128,97,69,255,Clearcut
20140421,128,97,69,255,Clearcut
20140422,128,97,69,255,Clearcut
20140423,128,97,69,255,Clearcut
20140721,128,97,69,255,Clearcut
20140722,128,97,69,255,Clearcut
20140723,128,97,69,255,Clearcut
20140921,128,97,69,255,Clearcut
20150421,128,97,69,255,Clearcut
20150422,128,97,69,255,Clearcut
20150423,128,97,69,255,Clearcut
20150721,128,97,69,255,Clearcut
20150722,128,97,69,255,Clearcut
20150723,128,97,69,255,Clearcut
20150921,128,97,69,255,Clearcut
20160421,128,97,69,255,Clearcut
20160422,128,97,69,255,Clearcut
20160423,128,97,69,255,Clearcut
20160721,128,97,69,255,Clearcut
20160722,128,97,69,255,Clearcut
20160723,128,97,69,255,Clearcut
20160921,128,97,69,255,Clearcut
20170421,128,97,69,255,Clearcut
20170422,128,97,69,255,Clearcut
20170423,128,97,69,255,Clearcut
20170721,128,97,69,255,Clearcut
20170722,128,97,69,255,Clearcut
20170723,128,97,69,255,Clearcut
20170921,128,97,69,255,Clearcut
20180421,128,97,69,255,Clearcut
20180422,128,97,69,255,Clearcut
20180423,128,97,69,255,Clearcut
20180721,128,97,69,255,Clearcut
20180722,128,97,69,255,Clearcut
20180723,128,97,69,255,Clearcut
20180921,128,97,69,255,Clearcut
20190421,128,97,69,255,Clearcut
20190422,128,97,69,255,Clearcut
20190423,128,97,69,255,Clearcut
20190721,128,97,69,255,Clearcut
20190722,128,97,69,255,Clearcut
20190723,128,97,69,255,Clearcut
20190921,128,97,69,255,Clearcut
20200421,128,97,69,255,Clearcut
20200422,128,97,69,255,Clearcut
20200423,128,97,69,255,Clearcut
20200721,128,97,69,255,Clearcut
20200722,128,97,69,255,Clearcut
20200723,128,97,69,255,Clearcut
20200921,128,97,69,255,Clearcut
20210421,128,97,69,255,Clearcut
20210422,128,97,69,255,Clearcut
20210423,128,97,69,255,Clearcut
20210721,128,97,69,255,Clearcut
20210722,128,97,69,255,Clearcut
20210723,128,97,69,255,Clearcut
20210921,128,97,69,255,Clearcut
20220421,128,97,69,255,Clearcut
20220422,128,97,69,255,Clearcut
20220423,128,97,69,255,Clearcut
20220721,128,97,69,255,Clearcut
20220722,128,97,69,255,Clearcut
20220723,128,97,69,255,Clearcut
20220921,128,97,69,255,Clearcut
20130431,255,255,119,255,Harvest
20130432,255,255,119,255,Harvest
20130433,255,255,119,255,Harvest
20130731,255,255,119,255,Harvest
20130732,255,255,119,255,Harvest
20130733,255,255,119,255,Harvest
20130931,255,255,119,255,Harvest
20140431,255,255,119,255,Harvest
20140432,255,255,119,255,Harvest
20140433,255,255,119,255,Harvest
20140731,255,255,119,255,Harvest
20140732,255,255,119,255,Harvest
20140733,255,255,119,255,Harvest
20140931,255,255,119,255,Harvest
20150431,255,255,119,255,Harvest
20150432,255,255,119,255,Harvest
20150433,255,255,119,255,Harvest
20150731,255,255,119,255,Harvest
20150732,255,255,119,255,Harvest
20150733,255,255,119,255,Harvest
20150931,255,255,119,255,Harvest
20160431,255,255,119,255,Harvest
20160432,255,255,119,255,Harvest
20160433,255,255,119,255,Harvest
20160731,255,255,119,255,Harvest
20160732,255,255,119,255,Harvest
20160733,255,255,119,255,Harvest
20160931,255,255,119,255,Harvest
20170431,255,255,119,255,Harvest
20170432,255,255,119,255,Harvest
20170433,255,255,119,255,Harvest
20170731,255,255,119,255,Harvest
20170732,255,255,119,255,Harvest
20170733,255,255,119,255,Harvest
20170931,255,255,119,255,Harvest
20180431,255,255,119,255,Harvest
20180432,255,255,119,255,Harvest
20180731,255,255,119,255,Harvest
20180732,255,255,119,255,Harvest
20180733,255,255,119,255,Harvest
20180931,255,255,119,255,Harvest
20190431,255,255,119,255,Harvest
20190432,255,255,119,255,Harvest
20190433,255,255,119,255,Harvest
20190731,255,255,119,255,Harvest
20190732,255,255,119,255,Harvest
20190733,255,255,119,255,Harvest
20190931,255,255,119,255,Harvest
20200431,255,255,119,255,Harvest
20200432,255,255,119,255,Harvest
20200433,255,255,119,255,Harvest
20200731,255,255,119,255,Harvest
20200732,255,255,119,255,Harvest
20200733,255,255,119,255,Harvest
20200931,255,255,119,255,Harvest
20210431,255,255,119,255,Harvest
20210432,255,255,119,255,Harvest
20210433,255,255,119,255,Harvest
20210731,255,255,119,255,Harvest
20210732,255,255,119,255,Harvest
20210733,255,255,119,255,Harvest
20210931,255,255,119,255,Harvest
20220431,255,255,119,255,Harvest
20220432,255,255,119,255,Harvest
20220433,255,255,119,255,Harvest
20220731,255,255,119,255,Harvest
20220732,255,255,119,255,Harvest
20220733,255,255,119,255,Harvest
20220931,255,255,119,255,Harvest
20130441,181,156,114,255,Thinning
20130442,181,156,114,255,Thinning
20130443,181,156,114,255,Thinning
20130741,181,156,114,255,Thinning
20130742,181,156,114,255,Thinning
20130743,181,156,114,255,Thinning
20130941,181,156,114,255,Thinning
20140441,181,156,114,255,Thinning
20140442,181,156,114,255,Thinning
20140443,181,156,114,255,Thinning
20140741,181,156,114,255,Thinning
20140742,181,156,114,255,Thinning
20140743,181,156,114,255,Thinning
20140941,181,156,114,255,Thinning
20150441,181,156,114,255,Thinning
20150442,181,156,114,255,Thinning
20150443,181,156,114,255,Thinning
20150741,181,156,114,255,Thinning
20150742,181,156,114,255,Thinning
20150743,181,156,114,255,Thinning
20150941,181,156,114,255,Thinning
20160441,181,156,114,255,Thinning
20160442,181,156,114,255,Thinning
20160443,181,156,114,255,Thinning
20160741,181,156,114,255,Thinning
20160742,181,156,114,255,Thinning
20160743,181,156,114,255,Thinning
20160941,181,156,114,255,Thinning
20170441,181,156,114,255,Thinning
20170442,181,156,114,255,Thinning
20170443,181,156,114,255,Thinning
20170741,181,156,114,255,Thinning
20170742,181,156,114,255,Thinning
20170743,181,156,114,255,Thinning
20170941,181,156,114,255,Thinning
20180441,181,156,114,255,Thinning
20180442,181,156,114,255,Thinning
20180443,181,156,114,255,Thinning
20180741,181,156,114,255,Thinning
20180742,181,156,114,255,Thinning
20180743,181,156,114,255,Thinning
20180941,181,156,114,255,Thinning
20190441,181,156,114,255,Thinning
20190442,181,156,114,255,Thinning
20190443,181,156,114,255,Thinning
20190741,181,156,114,255,Thinning
20190742,181,156,114,255,Thinning
20190743,181,156,114,255,Thinning
20190941,181,156,114,255,Thinning
20200441,181,156,114,255,Thinning
20200442,181,156,114,255,Thinning
20200443,181,156,114,255,Thinning
20200741,181,156,114,255,Thinning
20200742,181,156,114,255,Thinning
20200743,181,156,114,255,Thinning
20200941,181,156,114,255,Thinning
20210441,181,156,114,255,Thinning
20210442,181,156,114,255,Thinning
20210443,181,156,114,255,Thinning
20210741,181,156,114,255,Thinning
20210742,181,156,114,255,Thinning
20210743,181,156,114,255,Thinning
20210941,181,156,114,255,Thinning
20220441,181,156,114,255,Thinning
20220442,181,156,114,255,Thinning
20220443,181,156,114,255,Thinning
20220741,181,156,114,255,Thinning
20220742,181,156,114,255,Thinning
20220743,181,156,114,255,Thinning
20220941,181,156,114,255,Thinning
20130451,255,102,0,255,Mastication
20130452,255,102,0,255,Mastication
20130453,255,102,0,255,Mastication
20130751,255,102,0,255,Mastication
20130752,255,102,0,255,Mastication
20130753,255,102,0,255,Mastication
20130951,255,102,0,255,Mastication
20140451,255,102,0,255,Mastication
20140452,255,102,0,255,Mastication
20140453,255,102,0,255,Mastication
20140751,255,102,0,255,Mastication
20140752,255,102,0,255,Mastication
20140753,255,102,0,255,Mastication
20140951,255,102,0,255,Mastication
20150451,255,102,0,255,Mastication
20150452,255,102,0,255,Mastication
20150453,255,102,0,255,Mastication
20150751,255,102,0,255,Mastication
20150752,255,102,0,255,Mastication
20150753,255,102,0,255,Mastication
20150951,255,102,0,255,Mastication
20160451,255,102,0,255,Mastication
20160452,255,102,0,255,Mastication
20160453,255,102,0,255,Mastication
20160751,255,102,0,255,Mastication
20160752,255,102,0,255,Mastication
20160753,255,102,0,255,Mastication
20160951,255,102,0,255,Mastication
20170451,255,102,0,255,Mastication
20170452,255,102,0,255,Mastication
20170453,255,102,0,255,Mastication
20170751,255,102,0,255,Mastication
20170752,255,102,0,255,Mastication
20170753,255,102,0,255,Mastication
20170951,255,102,0,255,Mastication
20180451,255,102,0,255,Mastication
20180452,255,102,0,255,Mastication
20180453,255,102,0,255,Mastication
20180751,255,102,0,255,Mastication
20180752,255,102,0,255,Mastication
20180753,255,102,0,255,Mastication
20180951,255,102,0,255,Mastication
20190451,255,102,0,255,Mastication
20190452,255,102,0,255,Mastication
20190453,255,102,0,255,Mastication
20190751,255,102,0,255,Mastication
20190752,255,102,0,255,Mastication
20190753,255,102,0,255,Mastication
20190951,255,102,0,255,Mastication
20200451,255,102,0,255,Mastication
20200452,255,102,0,255,Mastication
20200453,255,102,0,255,Mastication
20200751,255,102,0,255,Mastication
20200752,255,102,0,255,Mastication
20200753,255,102,0,255,Mastication
20200951,255,102,0,255,Mastication
20210451,255,102,0,255,Mastication
20210452,255,102,0,255,Mastication
20210453,255,102,0,255,Mastication
20210751,255,102,0,255,Mastication
20210752,255,102,0,255,Mastication
20210753,255,102,0,255,Mastication
20210951,255,102,0,255,Mastication
20220451,255,102,0,255,Mastication
20220452,255,102,0,255,Mastication
20220453,255,102,0,255,Mastication
20220751,255,102,0,255,Mastication
20220752,255,102,0,255,Mastication
20220753,255,102,0,255,Mastication
20220951,255,102,0,255,Mastication
20130461,96,255,71,255,Other Mechanical
20130462,96,255,71,255,Other Mechanical
20130463,96,255,71,255,Other Mechanical
20130761,96,255,71,255,Other Mechanical
20130762,96,255,71,255,Other Mechanical
20130763,96,255,71,255,Other Mechanical
20130961,96,255,71,255,Other Mechanical
20140461,96,255,71,255,Other Mechanical
20140462,96,255,71,255,Other Mechanical
20140463,96,255,71,255,Other Mechanical
20140761,96,255,71,255,Other Mechanical
20140762,96,255,71,255,Other Mechanical
20140763,96,255,71,255,Other Mechanical
20140961,96,255,71,255,Other Mechanical
20150461,96,255,71,255,Other Mechanical
20150462,96,255,71,255,Other Mechanical
20150463,96,255,71,255,Other Mechanical
20150761,96,255,71,255,Other Mechanical
20150762,96,255,71,255,Other Mechanical
20150763,96,255,71,255,Other Mechanical
20150961,96,255,71,255,Other Mechanical
20160461,96,255,71,255,Other Mechanical
20160462,96,255,71,255,Other Mechanical
20160463,96,255,71,255,Other Mechanical
20160761,96,255,71,255,Other Mechanical
20160762,96,255,71,255,Other Mechanical
20160763,96,255,71,255,Other Mechanical
20160961,96,255,71,255,Other Mechanical
20170461,96,255,71,255,Other Mechanical
20170462,96,255,71,255,Other Mechanical
20170463,96,255,71,255,Other Mechanical
20170761,96,255,71,255,Other Mechanical
20170762,96,255,71,255,Other Mechanical
20170763,96,255,71,255,Other Mechanical
20170961,96,255,71,255,Other Mechanical
20180461,96,255,71,255,Other Mechanical
20180462,96,255,71,255,Other Mechanical
20180463,96,255,71,255,Other Mechanical
20180761,96,255,71,255,Other Mechanical
20180762,96,255,71,255,Other Mechanical
20180763,96,255,71,255,Other Mechanical
20180961,96,255,71,255,Other Mechanical
20190461,96,255,71,255,Other Mechanical
20190462,96,255,71,255,Other Mechanical
20190463,96,255,71,255,Other Mechanical
20190761,96,255,71,255,Other Mechanical
20190762,96,255,71,255,Other Mechanical
20190763,96,255,71,255,Other Mechanical
20190961,96,255,71,255,Other Mechanical
20200461,96,255,71,255,Other Mechanical
20200462,96,255,71,255,Other Mechanical
20200463,96,255,71,255,Other Mechanical
20200761,96,255,71,255,Other Mechanical
20200762,96,255,71,255,Other Mechanical
20200763,96,255,71,255,Other Mechanical
20200961,96,255,71,255,Other Mechanical
20210461,96,255,71,255,Other Mechanical
20210462,96,255,71,255,Other Mechanical
20210463,96,255,71,255,Other Mechanical
20210761,96,255,71,255,Other Mechanical
20210762,96,255,71,255,Other Mechanical
20210763,96,255,71,255,Other Mechanical
20210961,96,255,71,255,Other Mechanical
20220461,96,255,71,255,Other Mechanical
20220462,96,255,71,255,Other Mechanical
20220463,96,255,71,255,Other Mechanical
20220761,96,255,71,255,Other Mechanical
20220762,96,255,71,255,Other Mechanical
20220763,96,255,71,255,Other Mechanical
20220961,96,255,71,255,Other Mechanical
20130471,255,0,0,255,Wildfire
20130472,255,0,0,255,Wildfire
20130473,255,0,0,255,Wildfire
20130771,255,0,0,255,Wildfire
20130772,255,0,0,255,Wildfire
20130773,255,0,0,255,Wildfire
20130971,255,0,0,255,Wildfire
20140471,255,0,0,255,Wildfire
20140472,255,0,0,255,Wildfire
20140473,255,0,0,255,Wildfire
20140771,255,0,0,255,Wildfire
20140772,255,0,0,255,Wildfire
20140773,255,0,0,255,Wildfire
20140971,255,0,0,255,Wildfire
20150471,255,0,0,255,Wildfire
20150472,255,0,0,255,Wildfire
20150473,255,0,0,255,Wildfire
20150771,255,0,0,255,Wildfire
20150772,255,0,0,255,Wildfire
20150773,255,0,0,255,Wildfire
20150971,255,0,0,255,Wildfire
20160471,255,0,0,255,Wildfire
20160472,255,0,0,255,Wildfire
20160473,255,0,0,255,Wildfire
20160771,255,0,0,255,Wildfire
20160772,255,0,0,255,Wildfire
20160773,255,0,0,255,Wildfire
20160971,255,0,0,255,Wildfire
20170471,255,0,0,255,Wildfire
20170472,255,0,0,255,Wildfire
20170473,255,0,0,255,Wildfire
20170771,255,0,0,255,Wildfire
20170772,255,0,0,255,Wildfire
20170773,255,0,0,255,Wildfire
20170971,255,0,0,255,Wildfire
20180471,255,0,0,255,Wildfire
20180472,255,0,0,255,Wildfire
20180473,255,0,0,255,Wildfire
20180771,255,0,0,255,Wildfire
20180772,255,0,0,255,Wildfire
20180773,255,0,0,255,Wildfire
20180971,255,0,0,255,Wildfire
20190471,255,0,0,255,Wildfire
20190472,255,0,0,255,Wildfire
20190473,255,0,0,255,Wildfire
20190771,255,0,0,255,Wildfire
20190772,255,0,0,255,Wildfire
20190773,255,0,0,255,Wildfire
20190971,255,0,0,255,Wildfire
20200471,255,0,0,255,Wildfire
20200472,255,0,0,255,Wildfire
20200473,255,0,0,255,Wildfire
20200771,255,0,0,255,Wildfire
20200772,255,0,0,255,Wildfire
20200773,255,0,0,255,Wildfire
20200971,255,0,0,255,Wildfire
20210471,255,0,0,255,Wildfire
20210472,255,0,0,255,Wildfire
20210473,255,0,0,255,Wildfire
20210771,255,0,0,255,Wildfire
20210772,255,0,0,255,Wildfire
20210773,255,0,0,255,Wildfire
20210971,255,0,0,255,Wildfire
20220471,255,0,0,255,Wildfire
20220472,255,0,0,255,Wildfire
20220473,255,0,0,255,Wildfire
20220771,255,0,0,255,Wildfire
20220772,255,0,0,255,Wildfire
20220773,255,0,0,255,Wildfire
20220971,255,0,0,255,Wildfire
20130491,173,0,28,255,Prescribed Fire
20130492,173,0,28,255,Prescribed Fire
20130493,173,0,28,255,Prescribed Fire
20130791,173,0,28,255,Prescribed Fire
20130792,173,0,28,255,Prescribed Fire
20130793,173,0,28,255,Prescribed Fire
20130991,173,0,28,255,Prescribed Fire
20140491,173,0,28,255,Prescribed Fire
20140492,173,0,28,255,Prescribed Fire
20140493,173,0,28,255,Prescribed Fire
20140791,173,0,28,255,Prescribed Fire
20140792,173,0,28,255,Prescribed Fire
20140793,173,0,28,255,Prescribed Fire
20140991,173,0,28,255,Prescribed Fire
20150491,173,0,28,255,Prescribed Fire
20150492,173,0,28,255,Prescribed Fire
20150493,173,0,28,255,Prescribed Fire
20150791,173,0,28,255,Prescribed Fire
20150792,173,0,28,255,Prescribed Fire
20150793,173,0,28,255,Prescribed Fire
20150991,173,0,28,255,Prescribed Fire
20160491,173,0,28,255,Prescribed Fire
20160492,173,0,28,255,Prescribed Fire
20160493,173,0,28,255,Prescribed Fire
20160791,173,0,28,255,Prescribed Fire
20160792,173,0,28,255,Prescribed Fire
20160793,173,0,28,255,Prescribed Fire
20160991,173,0,28,255,Prescribed Fire
20170491,173,0,28,255,Prescribed Fire
20170492,173,0,28,255,Prescribed Fire
20170493,173,0,28,255,Prescribed Fire
20170791,173,0,28,255,Prescribed Fire
20170792,173,0,28,255,Prescribed Fire
20170793,173,0,28,255,Prescribed Fire
20170991,173,0,28,255,Prescribed Fire
20180491,173,0,28,255,Prescribed Fire
20180492,173,0,28,255,Prescribed Fire
20180493,173,0,28,255,Prescribed Fire
20180791,173,0,28,255,Prescribed Fire
20180792,173,0,28,255,Prescribed Fire
20180793,173,0,28,255,Prescribed Fire
20180991,173,0,28,255,Prescribed Fire
20190491,173,0,28,255,Prescribed Fire
20190492,173,0,28,255,Prescribed Fire
20190493,173,0,28,255,Prescribed Fire
20190791,173,0,28,255,Prescribed Fire
20190792,173,0,28,255,Prescribed Fire
20190793,173,0,28,255,Prescribed Fire
20190991,173,0,28,255,Prescribed Fire
20200491,173,0,28,255,Prescribed Fire
20200492,173,0,28,255,Prescribed Fire
20200493,173,0,28,255,Prescribed Fire
20200791,173,0,28,255,Prescribed Fire
20200792,173,0,28,255,Prescribed Fire
20200793,173,0,28,255,Prescribed Fire
20200991,173,0,28,255,Prescribed Fire
20210491,173,0,28,255,Prescribed Fire
20210492,173,0,28,255,Prescribed Fire
20210493,173,0,28,255,Prescribed Fire
20210791,173,0,28,255,Prescribed Fire
20210792,173,0,28,255,Prescribed Fire
20210793,173,0,28,255,Prescribed Fire
20210991,173,0,28,255,Prescribed Fire
20220491,173,0,28,255,Prescribed Fire
20220492,173,0,28,255,Prescribed Fire
20220493,173,0,28,255,Prescribed Fire
20220791,173,0,28,255,Prescribed Fire
20220792,173,0,28,255,Prescribed Fire
20220793,173,0,28,255,Prescribed Fire
20220991,173,0,28,255,Prescribed Fire
20130501,255,0,0,255,Wildland Fire
20130502,255,0,0,255,Wildland Fire
20130503,255,0,0,255,Wildland Fire
20130801,255,0,0,255,Wildland Fire
20130802,255,0,0,255,Wildland Fire
20130803,255,0,0,255,Wildland Fire
20131001,255,0,0,255,Wildland Fire
20140501,255,0,0,255,Wildland Fire
20140502,255,0,0,255,Wildland Fire
20140503,255,0,0,255,Wildland Fire
20140801,255,0,0,255,Wildland Fire
20140802,255,0,0,255,Wildland Fire
20140803,255,0,0,255,Wildland Fire
20141001,255,0,0,255,Wildland Fire
20150501,255,0,0,255,Wildland Fire
20150502,255,0,0,255,Wildland Fire
20150503,255,0,0,255,Wildland Fire
20150801,255,0,0,255,Wildland Fire
20150802,255,0,0,255,Wildland Fire
20150803,255,0,0,255,Wildland Fire
20151001,255,0,0,255,Wildland Fire
20160501,255,0,0,255,Wildland Fire
20160502,255,0,0,255,Wildland Fire
20160503,255,0,0,255,Wildland Fire
20160801,255,0,0,255,Wildland Fire
20160802,255,0,0,255,Wildland Fire
20160803,255,0,0,255,Wildland Fire
20161001,255,0,0,255,Wildland Fire
20170501,255,0,0,255,Wildland Fire
20170502,255,0,0,255,Wildland Fire
20170503,255,0,0,255,Wildland Fire
20170801,255,0,0,255,Wildland Fire
20170802,255,0,0,255,Wildland Fire
20171001,255,0,0,255,Wildland Fire
20180501,255,0,0,255,Wildland Fire
20180502,255,0,0,255,Wildland Fire
20180503,255,0,0,255,Wildland Fire
20180801,255,0,0,255,Wildland Fire
20180802,255,0,0,255,Wildland Fire
20180803,255,0,0,255,Wildland Fire
20181001,255,0,0,255,Wildland Fire
20190501,255,0,0,255,Wildland Fire
20190502,255,0,0,255,Wildland Fire
20190503,255,0,0,255,Wildland Fire
20190801,255,0,0,255,Wildland Fire
20190802,255,0,0,255,Wildland Fire
20190803,255,0,0,255,Wildland Fire
20191001,255,0,0,255,Wildland Fire
20200501,255,0,0,255,Wildland Fire
20200502,255,0,0,255,Wildland Fire
20200503,255,0,0,255,Wildland Fire
20200801,255,0,0,255,Wildland Fire
20200802,255,0,0,255,Wildland Fire
20200803,255,0,0,255,Wildland Fire
20201001,255,0,0,255,Wildland Fire
20130541,146,232,215,255,Insects
20130841,146,232,215,255,Insects
20130842,146,232,215,255,Insects
20131041,146,232,215,255,Insects
20140841,146,232,215,255,Insects
20141041,146,232,215,255,Insects
20150841,146,232,215,255,Insects
20150842,146,232,215,255,Insects
20150843,146,232,215,255,Insects
20151041,146,232,215,255,Insects
20161041,146,232,215,255,Insects
20170541,146,232,215,255,Insects
20170542,146,232,215,255,Insects
20170543,146,232,215,255,Insects
20170841,146,232,215,255,Insects
20170842,146,232,215,255,Insects
20170843,146,232,215,255,Insects
20171041,146,232,215,255,Insects
20180541,146,232,215,255,Insects
20180542,146,232,215,255,Insects
20180543,146,232,215,255,Insects
20180841,146,232,215,255,Insects
20180842,146,232,215,255,Insects
20180843,146,232,215,255,Insects
20181041,146,232,215,255,Insects
20190541,146,232,215,255,Insects
20190542,146,232,215,255,Insects
20190543,146,232,215,255,Insects
20190841,146,232,215,255,Insects
20190842,146,232,215,255,Insects
20190843,146,232,215,255,Insects
20191041,146,232,215,255,Insects
20200541,146,232,215,255,Insects
20200542,146,232,215,255,Insects
20200543,146,232,215,255,Insects
20200841,146,232,215,255,Insects
20200842,146,232,215,255,Insects
20200843,146,232,215,255,Insects
20201041,146,232,215,255,Insects
20210541,146,232,215,255,Insects
20210542,146,232,215,255,Insects
20210543,146,232,215,255,Insects
20210841,146,232,215,255,Insects
20210842,146,232,215,255,Insects
20210843,146,232,215,255,Insects
20211041,146,232,215,255,Insects
20220541,146,232,215,255,Insects
20220542,146,232,215,255,Insects
20220543,146,232,215,255,Insects
20220841,146,232,215,255,Insects
20220842,146,232,215,255,Insects
20220843,146,232,215,255,Insects
20221041,146,232,215,255,Insects
20130551,0,45,117,255,Disease
20130552,0,45,117,255,Disease
20130553,0,45,117,255,Disease
20130851,0,45,117,255,Disease
20130852,0,45,117,255,Disease
20130853,0,45,117,255,Disease
20131051,0,45,117,255,Disease
20140551,0,45,117,255,Disease
20140552,0,45,117,255,Disease
20140553,0,45,117,255,Disease
20140851,0,45,117,255,Disease
20140852,0,45,117,255,Disease
20140853,0,45,117,255,Disease
20141051,0,45,117,255,Disease
20170551,0,45,117,255,Disease
20170552,0,45,117,255,Disease
20170553,0,45,117,255,Disease
20170851,0,45,117,255,Disease
20170852,0,45,117,255,Disease
20170853,0,45,117,255,Disease
20171051,0,45,117,255,Disease
20180551,0,45,117,255,Disease
20180552,0,45,117,255,Disease
20180553,0,45,117,255,Disease
20180851,0,45,117,255,Disease
20180852,0,45,117,255,Disease
20180853,0,45,117,255,Disease
20181051,0,45,117,255,Disease
20190551,0,45,117,255,Disease
20190552,0,45,117,255,Disease
20190553,0,45,117,255,Disease
20190851,0,45,117,255,Disease
20190852,0,45,117,255,Disease
20190853,0,45,117,255,Disease
20191051,0,45,117,255,Disease
20200551,0,45,117,255,Disease
20200552,0,45,117,255,Disease
20200553,0,45,117,255,Disease
20200851,0,45,117,255,Disease
20200852,0,45,117,255,Disease
20200853,0,45,117,255,Disease
20201051,0,45,117,255,Disease
20210551,0,45,117,255,Disease
20210552,0,45,117,255,Disease
20210553,0,45,117,255,Disease
20210851,0,45,117,255,Disease
20211051,0,45,117,255,Disease
20220551,0,45,117,255,Disease
20220552,0,45,117,255,Disease
20220851,0,45,117,255,Disease
20220852,0,45,117,255,Disease
20221051,0,45,117,255,Disease
20130701,122,127,117,255,Unknown
20130702,122,127,117,255,Unknown
20130703,122,127,117,255,Unknown
20131101,122,127,117,255,Unknown
20131102,122,127,117,255,Unknown
20131103,122,127,117,255,Unknown
20131111,122,127,117,255,Unknown
20131112,122,127,117,255,Unknown
20131113,122,127,117,255,Unknown
20131121,122,127,117,255,Unknown
20131122,122,127,117,255,Unknown
20131123,122,127,117,255,Unknown
20131131,122,127,117,255,Unknown
20131132,122,127,117,255,Unknown
20131133,122,127,117,255,Unknown
20140701,122,127,117,255,Unknown
20140702,122,127,117,255,Unknown
20140703,122,127,117,255,Unknown
20141101,122,127,117,255,Unknown
20141102,122,127,117,255,Unknown
20141103,122,127,117,255,Unknown
20141111,122,127,117,255,Unknown
20141112,122,127,117,255,Unknown
20141113,122,127,117,255,Unknown
20141121,122,127,117,255,Unknown
20141122,122,127,117,255,Unknown
20141123,122,127,117,255,Unknown
20141131,122,127,117,255,Unknown
20141132,122,127,117,255,Unknown
20141133,122,127,117,255,Unknown
20150701,122,127,117,255,Unknown
20150702,122,127,117,255,Unknown
20150703,122,127,117,255,Unknown
20151101,122,127,117,255,Unknown
20151102,122,127,117,255,Unknown
20151103,122,127,117,255,Unknown
20151111,122,127,117,255,Unknown
20151112,122,127,117,255,Unknown
20151113,122,127,117,255,Unknown
20151121,122,127,117,255,Unknown
20151122,122,127,117,255,Unknown
20151123,122,127,117,255,Unknown
20151131,122,127,117,255,Unknown
20151132,122,127,117,255,Unknown
20151133,122,127,117,255,Unknown
20160701,122,127,117,255,Unknown
20160702,122,127,117,255,Unknown
20160703,122,127,117,255,Unknown
20161101,122,127,117,255,Unknown
20161102,122,127,117,255,Unknown
20161103,122,127,117,255,Unknown
20161111,122,127,117,255,Unknown
20161112,122,127,117,255,Unknown
20161113,122,127,117,255,Unknown
20161121,122,127,117,255,Unknown
20161122,122,127,117,255,Unknown
20161123,122,127,117,255,Unknown
20161131,122,127,117,255,Unknown
20161132,122,127,117,255,Unknown
20161133,122,127,117,255,Unknown
20170701,122,127,117,255,Unknown
20170702,122,127,117,255,Unknown
20170703,122,127,117,255,Unknown
20171101,122,127,117,255,Unknown
20171102,122,127,117,255,Unknown
20171103,122,127,117,255,Unknown
20171111,122,127,117,255,Unknown
20171112,122,127,117,255,Unknown
20171113,122,127,117,255,Unknown
20171121,122,127,117,255,Unknown
20171122,122,127,117,255,Unknown
20171123,122,127,117,255,Unknown
20171131,122,127,117,255,Unknown
20171132,122,127,117,255,Unknown
20171133,122,127,117,255,Unknown
20180701,122,127,117,255,Unknown
20180702,122,127,117,255,Unknown
20180703,122,127,117,255,Unknown
20181101,122,127,117,255,Unknown
20181102,122,127,117,255,Unknown
20181103,122,127,117,255,Unknown
20181111,122,127,117,255,Unknown
20181112,122,127,117,255,Unknown
20181113,122,127,117,255,Unknown
20181121,122,127,117,255,Unknown
20181122,122,127,117,255,Unknown
20181123,122,127,117,255,Unknown
20181131,122,127,117,255,Unknown
20181132,122,127,117,255,Unknown
20181133,122,127,117,255,Unknown
20190701,122,127,117,255,Unknown
20190702,122,127,117,255,Unknown
20190703,122,127,117,255,Unknown
20191101,122,127,117,255,Unknown
20191102,122,127,117,255,Unknown
20191103,122,127,117,255,Unknown
20191111,122,127,117,255,Unknown
20191112,122,127,117,255,Unknown
20191113,122,127,117,255,Unknown
20191121,122,127,117,255,Unknown
20191122,122,127,117,255,Unknown
20191123,122,127,117,255,Unknown
20191131,122,127,117,255,Unknown
20191132,122,127,117,255,Unknown
20191133,122,127,117,255,Unknown
20200701,122,127,117,255,Unknown
20200702,122,127,117,255,Unknown
20200703,122,127,117,255,Unknown
20201101,122,127,117,255,Unknown
20201102,122,127,117,255,Unknown
20201103,122,127,117,255,Unknown
20201111,122,127,117,255,Unknown
20201112,122,127,117,255,Unknown
20201113,122,127,117,255,Unknown
20201121,122,127,117,255,Unknown
20201122,122,127,117,255,Unknown
20201123,122,127,117,255,Unknown
20201131,122,127,117,255,Unknown
20201132,122,127,117,255,Unknown
20201133,122,127,117,255,Unknown
20211101,122,127,117,255,Unknown
20211102,122,127,117,255,Unknown
20211103,122,127,117,255,Unknown
20211111,122,127,117,255,Unknown
20211112,122,127,117,255,Unknown
20211113,122,127,117,255,Unknown
20211121,122,127,117,255,Unknown
20211122,122,127,117,255,Unknown
20211123,122,127,117,255,Unknown
20211131,122,127,117,255,Unknown
20211132,122,127,117,255,Unknown
20211133,122,127,117,255,Unknown
20220701,122,127,117,255,Unknown
20220702,122,127,117,255,Unknown
20220703,122,127,117,255,Unknown
20221101,122,127,117,255,Unknown
20221102,122,127,117,255,Unknown
20221103,122,127,117,255,Unknown
20221111,122,127,117,255,Unknown
20221112,122,127,117,255,Unknown
20221113,122,127,117,255,Unknown
20221121,122,127,117,255,Unknown
20221122,122,127,117,255,Unknown
20221123,122,127,117,255,Unknown
20221131,122,127,117,255,Unknown
20221132,122,127,117,255,Unknown
20221133,122,127,117,255,Unknown
20140481,255,0,0,255,Wildland Fire Use
20140482,255,0,0,255,Wildland Fire Use
20140483,255,0,0,255,Wildland Fire Use
20140781,255,0,0,255,Wildland Fire Use
20140782,255,0,0,255,Wildland Fire Use
20140783,255,0,0,255,Wildland Fire Use
20140981,255,0,0,255,Wildland Fire Use
20160481,255,0,0,255,Wildland Fire Use
20160482,255,0,0,255,Wildland Fire Use
20160483,255,0,0,255,Wildland Fire Use
20160781,255,0,0,255,Wildland Fire Use
20160782,255,0,0,255,Wildland Fire Use
20160783,255,0,0,255,Wildland Fire Use
20160981,255,0,0,255,Wildland Fire Use
20170481,255,0,0,255,Wildland Fire Use
20170482,255,0,0,255,Wildland Fire Use
20170483,255,0,0,255,Wildland Fire Use
20170783,255,0,0,255,Wildland Fire Use
20170981,255,0,0,255,Wildland Fire Use
20180481,255,0,0,255,Wildland Fire Use
20180482,255,0,0,255,Wildland Fire Use
20180981,255,0,0,255,Wildland Fire Use
20190481,255,0,0,255,Wildland Fire Use
20190482,255,0,0,255,Wildland Fire Use
20190483,255,0,0,255,Wildland Fire Use
20190781,255,0,0,255,Wildland Fire Use
20190782,255,0,0,255,Wildland Fire Use
20190783,255,0,0,255,Wildland Fire Use
20190981,255,0,0,255,Wildland Fire Use
20200481,255,0,0,255,Wildland Fire Use
20200482,255,0,0,255,Wildland Fire Use
20200483,255,0,0,255,Wildland Fire Use
20200981,255,0,0,255,Wildland Fire Use
20210481,255,0,0,255,Wildland Fire Use
20210482,255,0,0,255,Wildland Fire Use
20210483,255,0,0,255,Wildland Fire Use
20210781,255,0,0,255,Wildland Fire Use
20210782,255,0,0,255,Wildland Fire Use
20210783,255,0,0,255,Wildland Fire Use
20210981,255,0,0,255,Wildland Fire Use
20220481,255,0,0,255,Wildland Fire Use
20220482,255,0,0,255,Wildland Fire Use
20220483,255,0,0,255,Wildland Fire Use
20220781,255,0,0,255,Wildland Fire Use
20220783,255,0,0,255,Wildland Fire Use
20220981,255,0,0,255,Wildland Fire Use
20170561,0,0,255,255,Insects/Disease
20170562,0,0,255,255,Insects/Disease
20170563,0,0,255,255,Insects/Disease
20170861,0,0,255,255,Insects/Disease
20170862,0,0,255,255,Insects/Disease
20170863,0,0,255,255,Insects/Disease
20171061,0,0,255,255,Insects/Disease
20180561,0,0,255,255,Insects/Disease
20180562,0,0,255,255,Insects/Disease
20180563,0,0,255,255,Insects/Disease
20180861,0,0,255,255,Insects/Disease
20180862,0,0,255,255,Insects/Disease
20180863,0,0,255,255,Insects/Disease
20181061,0,0,255,255,Insects/Disease
20190561,0,0,255,255,Insects/Disease
20190562,0,0,255,255,Insects/Disease
20190563,0,0,255,255,Insects/Disease
20190861,0,0,255,255,Insects/Disease
20190862,0,0,255,255,Insects/Disease
20190863,0,0,255,255,Insects/Disease
20191061,0,0,255,255,Insects/Disease
20200561,0,0,255,255,Insects/Disease
20200861,0,0,255,255,Insects/Disease
20200862,0,0,255,255,Insects/Disease
20200863,0,0,255,255,Insects/Disease
20201061,0,0,255,255,Insects/Disease
20210561,0,0,255,255,Insects/Disease
20210562,0,0,255,255,Insects/Disease
20210563,0,0,255,255,Insects/Disease
20210861,0,0,255,255,Insects/Disease
20210862,0,0,255,255,Insects/Disease
20210863,0,0,255,255,Insects/Disease
20211061,0,0,255,255,Insects/Disease
20220561,0,0,255,255,Insects/Disease
20220562,0,0,255,255,Insects/Disease
20220563,0,0,255,255,Insects/Disease
20220861,0,0,255,255,Insects/Disease
20220862,0,0,255,255,Insects/Disease
20220863,0,0,255,255,Insects/Disease
20221061,0,0,255,255,Insects/Disease
20180430,128,97,69,255,Harvest
20210701,122,127,117,255,Uknown
20210702,122,127,117,255,Uknown
20210703,122,127,117,255,Uknown
20220511,191,191,191,255,Weather
20220512,191,191,191,255,Weather
20220513,191,191,191,255,Weather
20220811,191,191,191,255,Weather
20220812,191,191,191,255,Weather
20220813,191,191,191,255,Weather
20221011,191,191,191,255,Weather
